0 0.163125 0.6708333333333333 0.14375 0.5316666666666666
0 0.46125 0.6258333333333334 0.0825 0.37833333333333335
0 0.549375 0.6408333333333334 0.05625 0.31166666666666665
0 0.653125 0.5666666666666667 0.07375 0.2866666666666667
0 0.808125 0.575 0.08375 0.32
0 0.94875 0.5583333333333333 0.075 0.2966666666666667
0 0.0425 0.5291666666666667 0.0425 0.18833333333333332
0 0.27125 0.5425 0.04 0.165
0 0.3775 0.5291666666666667 0.0325 0.17833333333333334
0 0.3475 0.5233333333333333 0.0325 0.14666666666666667
0 0.29875 0.5183333333333333 0.0325 0.15
0 0.608125 0.49416666666666664 0.02125 0.095
0 0.510625 0.4633333333333333 0.02375 0.07333333333333333
0 0.753125 0.5575 0.04625 0.215
0 0.82625 0.455 0.0325 0.07666666666666666
