0 0.06496015455204057 0.6940217391304347 0.1188118811881188 0.5648550724637681
0 0.18763583675440715 0.6896739130434782 0.11543105530065202 0.48586956521739133
0 0.37152861627626177 0.7134057971014492 0.1108427915962328 0.5260869565217391
0 0.5055542139579812 0.7056159420289855 0.07848345810190775 0.5445652173913044
0 0.5912822989616034 0.725 0.0794494083554697 0.44855072463768114
0 0.735329630524028 0.6889492753623189 0.09176527408838445 0.561231884057971
0 0.837841101183289 0.6594202898550725 0.09538758753924173 0.5159420289855072
0 0.917411253320454 0.6797101449275362 0.0975609756097561 0.5057971014492754
0 0.6725428640425019 0.6954710144927536 0.07389519439748853 0.4235507246376812
0 0.6301617966674716 0.49094202898550726 0.07123883120019318 0.18405797101449275
0 0.41342670852451097 0.47246376811594204 0.06133784110118329 0.1471014492753623
0 0.1023907268775658 0.47880434782608694 0.056991064960154554 0.21557971014492755
0 0.15841584158415842 0.4447463768115942 0.04588263704419222 0.10905797101449276
0 0.21902921999517025 0.44565217391304346 0.06326974160830717 0.1572463768115942
0 0.26370441922241006 0.4733695652173913 0.07003139338324077 0.2068840579710145
