0 0.12091503267973856 0.5796568627450981 0.14052287581699346 0.49754901960784315
0 0.6821895424836601 0.6973039215686274 0.11601307189542484 0.5514705882352942
0 0.8553921568627451 0.45955882352941174 0.08660130718954248 0.32107843137254904
0 0.4950980392156863 0.5637254901960784 0.0784313725490196 0.4117647058823529
0 0.380718954248366 0.5073529411764706 0.058823529411764705 0.3431372549019608
0 0.2818627450980392 0.5073529411764706 0.07352941176470588 0.35294117647058826
0 0.6209150326797386 0.44362745098039214 0.042483660130718956 0.25980392156862747
0 0.5727124183006536 0.48161764705882354 0.07026143790849673 0.34558823529411764
0 0.4354575163398693 0.4681372549019608 0.05718954248366013 0.3284313725490196
0 0.7083333333333334 0.4105392156862745 0.07679738562091504 0.2034313725490196
0 0.7834967320261438 0.3860294117647059 0.05392156862745098 0.19852941176470587
