0 0.04931640625 0.4736220472440945 0.076171875 0.5677165354330709
0 0.15576171875 0.4905511811023622 0.109375 0.5511811023622047
0 0.226318359375 0.43582677165354333 0.08447265625 0.44173228346456694
0 0.323974609375 0.46181102362204723 0.08349609375 0.5204724409448819
0 0.437744140625 0.5771653543307087 0.14794921875 0.7984251968503937
0 0.5263671875 0.5062992125984253 0.1064453125 0.5496062992125984
0 0.6650390625 0.4625984251968504 0.1083984375 0.5299212598425197
0 0.939208984375 0.4559055118110236 0.10400390625 0.7149606299212599
0 0.8876953125 0.352755905511811 0.07421875 0.30236220472440944
0 0.728271484375 0.24330708661417322 0.03955078125 0.16062992125984252
0 0.55859375 0.2515748031496063 0.037109375 0.18188976377952756
0 0.144287109375 0.20275590551181102 0.05712890625 0.06062992125984252
0 0.629150390625 0.1594488188976378 0.09716796875 0.08425196850393701
